from_stop_id,to_stop_id,transfer_type
14139,14157,0
14162,14141,0
14180,14134,0
14109,14058,0
14155,14145,0
14159,14155,0
14159,14145,0
14185,14183,0
14190,14187,0
14169,14165,0
14166,14164,0
14168,14167,0
14175,14144,0
14103,14099,0
14182,14051,0
14226,14216,0
14214,14226,0
14214,14216,0
14215,14214,0
14215,14226,0
14137,14161,0
STOP_14158,14150,0
14178,14064,0
14112,14108,0
14062,14054,0
14122,14062,0
14122,14054,0
14157,14139,0
14141,14162,0
14134,14180,0
14058,14109,0
14145,14155,0
14155,14159,0
14145,14159,0
14183,14185,0
14187,14190,0
14165,14169,0
14164,14166,0
14167,14168,0
14144,14175,0
14099,14103,0
14051,14182,0
14216,14226,0
14226,14214,0
14216,14214,0
14214,14215,0
14226,14215,0
14161,14137,0
14150,STOP_14158,0
14064,14178,0
14108,14112,0
14054,14062,0
14062,14122,0
14054,14122,0